7225556319380540715
7460121430395538696
7530239232711855367
7549610148503784712
7563134504609664274
7564326524485209364
7566868524321246471
7568130749426273543
7569718380219960584
7572076770388610312
7572868891882491144
7572186216272186644
7573901566147661076
6895706751161650433
7573180858736184583
7574025193023229204
7575207432461258005
7578076021321174273
7574374630778211591
7577765843136679176
7550184882765368584
7578679914778348821
7574369200500821256
7578836301592546580
7578072251103333648
7572796636821277970
7571385081265130770
7569229312101207304
7570292891382336789
7570585111071034644
7572428115188747538
7571798620769438997
7567948171721051413
7573282928269069576
7569770174874799381
7574210054472076564
7573978942940417298
7574119106253720839
7576671890639457543
7573099494703631637
7551589750830943504
7573567469248367892
7578289988522102024
7575745718585986311
7537156413504916754
7569171523601272084
7577638233551457543
7577608561916775688
7578085544425475346
7287065069559631109
7438581630379330823
7572946655968759048
7574094492584693000
7573914640208481554
7578716631732342036
7576264747696393480
7578055079891160328
7211741846991588635
7577407359639751956
7578298808338009364
7560727016064945426
7485369075183455495
7250438724293627142
7578009926753144071
7579116298253143314
7579115841258540295
7578516138259156242
7579117906173103381
7579116281186503956
7573615730713840914
7575516635792952598
7574592070455774480
7578527768808377621
7561078449213836552
7573210355959123217
7554725868812242177
7544279126903885074
7367221305134910763
7509468082600054059
7577006237489827127
7571689695076306231
7564753568419368210
7436302756945644801
7573766147321990418
7507475833649450248
7578830527403134228
7498288274008575250
7575146093013454087
7560783880299597064
7564343092967509270
7558871701686062343
7536570873982061837
7575146093013454087
7560783880299597064
7564343092967509270
7558871701686062343
7536570873982061837
7573163066632703250
7440679619033943304
7574349866265038100
7573507082612247815
7574454458134908167
7578491653946756372
7575759289520819463
7578426294774517012
7573373245634661639
7575158043021708564
7574291230289366290
7574297679757364500
7578359551653694740
7578428953933745429
7447072287582375186
7492015746491485456
7573719765617806599
7530871229381725447
7573638793459141896
7579122682797624594
7579123198952885524
7574427147360587026
7334328038194171143
7577657579468328212
7391315667821006087
7489505235145329927
7579115744357567762
7578040689267657992
7578447705203150098
7578903345658645778
7575822504208469256
7575051320877518098
7580109706564324615
7579983988190694676
7575217069868715284
7572585230909934865
7570693122066337045
7579850301331590401
7574741768839630088
7573608904760937746
7578893309461024018
7579107980352736533
7580345194428583186
7580310228764298503
7578699643152862482
7580387099287850254
7579889418757000456
7579223308177083649
7507577554480499986
7569138195271666965
7409214052515269905
7576130860244552978
7566241048666606849
7575538698138160392
7572901529678662932
7568467013358619925
7578098366375152916
7477942577883286802
7559149111463742738
7577735185379347733
7569793495230074133
7573273616503016722
7572137703186255124
7574757436939062546
7574284583164726546
7574656248159718674
7573695161172118802
7573545848915627284
7572817320234601748
7572430283211869460
7573176233278721288
7438993869108153608
7572181612310301972
7575001941571341576
7302586734070500626
7573836840420101384
7568453418524724487
7574072692840729874
7574280218043600136
7489729213596011781
7580357591595765013
7573895574794112277
7574263315002690837
7573723988145343762
7574430599407209748
7302849190525275400
7565002430644047124
7580222609334324487
7578375044552871189
7574251889756310805
7579546478377585937
7580198943758306580
7579614582767914261
7578797823009787144
7580390555184778517
7580020935596592405
7576620091131923719
7578022619400637703
7579601255807454484
7576546163076254994
7565135700182584584
7579285375093312776
7579855597319785736
7580371666459561223
7579234786921745672
7565811402867346708
7580245553636789522
7580281787910311188
7558802903796894992
7579097950299639048
7568810630115806484
7575411026221436178
7580359799452323079
7579793562674433301
7578014153080671496
7580321527992700167
7579223473789193492
7578348710237703444
7575227210559180052
7580352389669211410
7572447972043001108
7578000979799411976
7580192138231581973
7579921367009725713
7569999353398447381
7302682398968302855
7564417204071075092
7574344083313806612
7574270049733643528
7573932662138686738
7564583235112553749
7574456983470886151
7566944454058331412
7439003096111500551
7566222995270683924
7437749971677400328
7571102537042906375
7148068178705370410
7364957023336697104
7580367372742069525
7580340148500466965
7580349100210556168
7574272072889863444
7578478556951399701
7580339747386592533
7152778345447542059
7578378251417029895
7580370394813697288
7579980761160224021
7580228249884675335
7426950763168943367
7219620202860809499
7579857714591960328
7400329556328074503
7365116424370556177
7504933421085461768
7542094296942497045
7559944468963527944
7568063401302314260
7281959594014805249
7577297882382880007
7326439103275355394
7567728987917651218
7422625527846030610
7434798493782396178
7572860958226255112
7498730321274326290
7509682447982890248
7394827412128746759
7566641591704734983
7481535596897258770
7580389057683885320
7565084346844056853
7566287940276571410
7566264178294492434
7277944246437514497
7573115310518144264
7549546410966912257
7537232107760831752
7572588961416137992
7560034812988263688
7565870589672541447
7470912993794985217
7570925915887127829
7571848594412686612
7579838561864764690
7578895235049327890
7579483215094631701
7578916267642440980
7576949031096667413
7580618223922662663
7578123114698018069
7579238543508213010
7577940228749462792
7556105096350666002
7573682917902142727
7346247370344041749
7569506729130560789
7572802269024881928
7573127042472889607
7569204398098779412
7571081758012116232
7574667863580036360
7572796717238668552
7572951167290936597
7572542628839836949
7167708556991417626
7573692392612580628
7573683246106512661
7573919687394790664
7580606241068600596
7574301586990714133
7571460415897488661
7579164595483331848
7575386148579724564
7578534030837026068
7575832369999957266
7580435929509235975
7578856127639653653
7574449029761797396
7580288433109683477
7578707957236452628
7551446211094416648
7545823537324444935
7580606958244334866
7578467694236798226
7579871251049598226
7575794800515878151
7575753756986314002
7575712410481347858
7577918435456290056
7577027214349241608
7576873627363151111
7580595099516685586
7580294474958474497
7323593568524848385
7420436586485075207
7580333579830332692
7580600805087005970
7536919714635861266
7580632749422284039
7579824383980473607
7578086054238915858
7580532574410280200
7552901023270964487
7506352850545478920
7575894842723585288
7579150973067660564
7577773205960641800
7580366557851864341
7429741837532843280
7489749467755728135
7580064863054007570
7580583506447699207
7514884934293638407
7564735386514148628
7548681647835647250
7419303518999170322
7483707405214174472
7538621840437038343
7580641498522488082
7560698954665561362
7551439437549325576
7525450033144057106
7580560907420437761
7580430692601941268
7580400108177493266
7579930158941981960
7579296223820090632
7580038232130260242
7580412213534493960
7580384353683770642
7579941284488482056
7580630089424063762
7580607800032644370
7580387933472050450
7580404338401578247
7580043113045986580
7580063360285297928
7580637362162552082
7580591267210366228
7580246360763485447
7580550567643139335
7580406128719236373
7382970911848156434
7561460013240323346
7342791456114904327
7367600960782355720
7579223939365227796
7365920680883391762
7439382280293960967
7489475529695972663
7417100916752534801
7410716838830542097
